5.447795247211753566e-02 3.635633442259959547e-01 3.932263267157366515e-01 2.347668749069222946e-02 1.280728932915793927e-01 3.159982955060014562e-03 2.025980153288195126e-02 7.866704584245251758e-04 8.081566470819751338e-03 3.840393999861906483e-03 1.046322791963610064e-03 8.057594866495669658e-06
4.160230073589890609e-02 1.988319464481287102e-01 3.196971485756264775e-01 3.727658575579729794e-01 4.568129538694736674e-02 5.339012770321222359e-03 7.645115613422615725e-03 2.415674487657246648e-03 5.585117328229582956e-03 1.586768877032751826e-04 2.708656812421965680e-04 6.988526849587342356e-06
3.258096619902863672e-02 3.301841638687192382e-01 2.252776217586410501e-01 3.673054990920124330e-01 2.988821005050449481e-02 9.178472260564830149e-03 9.207176195081809072e-04 2.041613999065572740e-03 2.235525442716207803e-03 3.642599136204047769e-04 1.779388795769415985e-05 5.155907661273463524e-06
4.756590969395543822e-02 2.292830041750093251e-01 5.223260846952697545e-01 4.331521354610781346e-03 1.434894860590405774e-01 2.900697339602510434e-03 1.915559000222492522e-02 1.016328692649153898e-03 2.200321440586156321e-02 7.825132884194868632e-03 8.691324175633043537e-05 1.611745582482392261e-05
8.355934117826338547e-02 1.978812261961609975e-01 3.982756306164302318e-01 2.228828253329558917e-01 6.370204261161566128e-02 4.544121176390403076e-03 1.629888417661598185e-02 3.417376656578060331e-03 6.714345028738514208e-03 2.306694045405410093e-03 4.129647917362713641e-04 4.548189109261361454e-06
1.559526627609071972e-02 1.765562815732296675e-02 3.060868353938668851e-01 5.939044216636394369e-01 2.558650143605112684e-02 1.378045382761928367e-02 1.404637504231839515e-02 2.117070831408872659e-04 9.076152925019551065e-03 3.889013903333565260e-03 1.571198310828251696e-04 1.052446051435570842e-05
2.519056200352647393e-02 5.428921168708403799e-01 3.553128027315667348e-01 4.234281708475355101e-03 4.962117934306482098e-02 1.141068947840639600e-02 3.251534684016124275e-04 2.504431400560300312e-03 3.585632625449393721e-03 4.618609903519529242e-03 2.971221064670503779e-04 7.418359721965210021e-06
3.045767252011696499e-02 4.247938898607582781e-01 4.140060933079638406e-01 8.311955475538830573e-02 3.094889887656592994e-02 2.901873058997145836e-03 3.683329945176931457e-03 3.769644184113418901e-03 2.247553903446420330e-03 3.993052934023006914e-03 7.487611053646319457e-05 3.560542913541731532e-06
7.734983036125615830e-02 4.302586852821258523e-01 2.750479143341584276e-01 1.356497940646904377e-01 5.958348367408073526e-02 6.441756265575595240e-03 8.351442930213330562e-03 1.020153713169459674e-03 1.392596375003771376e-03 4.527896207521166054e-03 3.630359255977179877e-04 1.341086660745989770e-05
2.295138888383441503e-02 3.991078590831274586e-01 4.917663394649944841e-01 8.158338545756574703e-03 5.723134456140556436e-02 8.853247515511367821e-03 4.657301925170697840e-03 1.720595927436225150e-03 1.787719665756028978e-03 3.610074819351153340e-03 1.451065789767386931e-04 1.068302867932121903e-05
1.406030702967935725e-02 3.476770745457825051e-01 2.872161305951432264e-01 3.151526630402867735e-01 1.788580622725773409e-02 5.191663297869578836e-03 2.274676611061369255e-03 2.255918292037769387e-03 4.100917970873614940e-03 4.061042159132134503e-03 1.178285889370490284e-04 5.971641938857715738e-06
2.448063593728200260e-02 7.902854005213816313e-03 2.623399587296185165e-01 6.592359785669792416e-01 1.405304081528930583e-02 1.261637162732451301e-02 3.899364935601065587e-03 2.075200859801981049e-03 1.215738341318506853e-02 1.194479107087731071e-03 4.159364902963679010e-05 3.138353587284413947e-06
4.611021848887222191e-02 2.325455546044680744e-01 2.392291730131944072e-01 3.994193495193990584e-01 5.981018292668215802e-02 6.935474940623461565e-03 1.154011221681724986e-02 2.234809146811508624e-03 1.318112446467965436e-03 6.440518720682633907e-04 2.128091494867507248e-04 1.516751089724486503e-07
4.240961071019308526e-02 1.086652946050070540e-01 4.439854484494610842e-01 3.456369408127660803e-01 4.337755352251048552e-02 1.990561435571214146e-03 3.415121812277691852e-03 2.117840850922914390e-04 6.687554125066385267e-03 3.256368447849520426e-03 3.554332058100776901e-04 8.328788395318049997e-06
2.801375851712773965e-02 2.057624691388209304e-01 1.427031084780265580e-01 5.349836631556905697e-01 5.973154526375488993e-02 1.306316376519402189e-02 3.727785670203430466e-04 4.369210724739792918e-04 8.744640562974021272e-03 5.737224691415164675e-03 4.373183849479283136e-04 1.340840255387872095e-05
2.974527728123248574e-02 2.885083536119724124e-01 8.468055161466959968e-02 5.067849659072912738e-01 6.551264144586901872e-02 6.979255529157633690e-03 4.663227825761334135e-03 7.544685681975000103e-04 7.864182175804451669e-03 4.427928553891707919e-03 7.784836040548543475e-05 1.299125747043712715e-06
3.613935291409384187e-02 2.826431741703568368e-01 4.105288870719953076e-01 2.193190975451777824e-01 2.925443083132637720e-02 7.100488958864258245e-03 7.681810563703483051e-03 1.955586667504428076e-03 4.605935259925075624e-03 5.018806557563321689e-04 2.683023896304969139e-04 1.052971665989150401e-06
4.090171220632812105e-02 5.287358688978248678e-01 1.710868049570169191e-01 1.779474360624154483e-01 5.181918179739676555e-02 1.013825253096892372e-02 1.223045936637766340e-02 6.882983961230762374e-04 3.564912015840455164e-05 6.165154186817947343e-03 2.407539629799325474e-04 1.042851559193805309e-05
3.114169241796337084e-02 4.930780125927364255e-01 4.244219980379144164e-01 3.519885917924848312e-02 1.457151920926826614e-03 3.951810131458565649e-04 6.455400623373750216e-03 2.289396641168412166e-03 3.318999892988708147e-03 2.238048101607835287e-03 1.057306270943672106e-06 4.202272655138929495e-06
7.115612049350253376e-03 1.427845187461938836e-01 4.054276479511723097e-01 4.185076275285417036e-01 1.115568255036294108e-02 7.599258159536592498e-03 5.573533572055146398e-05 1.024489160463997297e-03 4.088157903040004135e-03 2.235343075027684031e-03 1.060102205583237957e-06 4.867438384693719649e-06
7.048101787693122899e-02 3.394292083850077024e-02 7.538291970894021032e-01 7.155203524202422005e-02 3.839580582203220432e-02 1.207016567380629277e-02 1.009935432993749535e-02 1.348639428482737790e-03 2.170011492095915134e-03 5.969150370464177020e-03 1.372386752190255790e-04 4.463161103885647414e-06
1.762721751464347078e-02 3.833401924858340082e-01 4.294788448341532727e-01 1.174087633825004612e-01 3.334117982939723696e-02 6.282458478244869367e-03 1.515322227015056429e-03 2.684610715819240288e-03 3.682407307253553284e-03 4.453646478371036700e-03 1.825126326104262999e-04 2.844114157319767656e-06
1.291077941796298922e-01 2.337712862552190907e-01 1.726735203072512492e-01 3.197270973861969234e-01 7.962046619309375017e-02 1.966477671812475597e-02 2.647156802208976145e-02 3.948958913991526586e-04 1.689695858345254334e-02 1.296105984311898352e-03 3.749255520493155686e-04 6.049271815389432903e-07
1.921982577372883388e-02 5.819479018798956460e-01 6.955873314844343569e-02 3.146496432999257298e-01 6.916251755646369258e-03 1.416129847525458146e-03 1.391940840569307232e-03 4.552802788621904107e-04 1.197803719653003961e-03 3.241092999103434638e-03 1.860014931050196268e-06 3.536441715337327009e-06
3.245128002884355850e-02 2.907413745847257092e-01 2.451646333248376497e-01 3.655653959401001796e-01 4.315150863872618120e-02 6.174331856124481988e-03 7.265223177835109826e-03 2.059413758058812997e-05 7.111513184352658869e-03 2.234008957057620221e-03 1.168378552212558802e-04 3.298314595089769761e-06
6.251377327986298513e-03 4.933459966176181322e-01 1.290424709482953791e-01 2.874395033242003183e-01 5.875769965975974340e-02 7.554301458532065860e-03 4.996402693675892383e-03 1.135264036236202602e-03 8.003101833610462221e-03 3.126977262954298929e-03 3.425538427207793337e-04 4.350994410397396713e-06
3.112394914803299009e-02 2.852245531878980778e-01 8.863098456376634644e-04 6.602164435222916961e-01 5.261600586827354029e-03 6.560127168267919362e-03 4.148657772128527821e-03 4.842419070219711388e-06 1.653268430981963931e-03 4.858996733303212398e-03 5.224227359154736539e-05 9.008911968736966575e-06
5.432657734235329938e-02 2.630948335268931682e-01 3.066092510667925777e-02 5.950749684207573553e-01 3.571723116254961472e-02 4.411005847801510379e-03 2.007299949031705368e-03 2.584968660218369654e-04 1.433781168839487474e-02 4.072717261448150378e-05 6.634429115603951823e-05 3.778625747276843010e-06
1.948873927368330186e-03 1.958670081943745533e-01 4.264271537160969627e-01 3.001586833027496959e-01 4.426248151343822879e-02 7.585626156190996595e-03 1.310102854382821230e-02 1.531752521143858042e-03 5.624598264561078524e-03 3.066553055506748143e-03 4.184122269281808954e-04 7.828577812897697671e-06
8.345879047421142505e-02 4.581127368119860543e-01 2.674470863109098540e-01 1.265513074945529282e-01 2.624996054968455061e-02 1.694331722638313040e-02 4.828471114912741627e-03 5.056949361502139891e-04 1.330356034476840379e-02 2.581435832129692388e-03 5.808011190483616275e-06 1.183089312064662084e-05
5.970796667397126715e-03 2.930528058470140418e-01 3.435250606911574578e-01 3.234729360710724144e-01 2.480692960372726449e-02 3.701035917930326890e-03 4.468667866084834959e-05 5.769038420430777636e-04 5.584461303558340773e-04 4.062338685815642531e-03 2.247379314141701291e-04 3.321933411902062223e-06
1.728827907563370431e-02 3.433457397264802480e-01 3.472642329231541147e-01 2.409347854750645834e-01 3.125968812694542021e-02 6.678415599217922723e-03 1.502877663360208246e-03 3.222037309894159023e-03 4.681019433569982673e-03 3.572264381526108791e-03 2.442673410684489260e-04 6.392944085258780383e-06
2.746325335708645760e-03 2.260905530841430533e-01 4.444903421541851474e-01 2.858794285579727701e-01 2.658578620182724950e-02 5.193307506180578660e-03 4.138987556829494194e-03 1.800158996194390270e-03 8.010633705640229051e-04 2.103101627062396815e-03 1.661972048333440607e-04 4.748404499122020652e-06
5.627931985462460152e-02 1.083801315895607520e-01 4.248900734158641557e-01 3.928603727414906599e-01 2.010902621841772261e-03 1.872219543364202861e-03 2.208095515690225961e-03 1.669005143856081442e-03 9.396833503922407543e-03 4.253761911643694779e-04 4.170924538643324938e-06 3.498954082301521665e-06
9.067918425037293020e-03 2.363335561986157074e-01 4.722830089421009570e-01 2.044700815485258061e-01 5.618118520675186023e-02 2.331603719811620266e-03 1.067649597890969922e-02 3.069805239157044965e-03 4.500108967781029853e-03 5.796516472613143537e-04 5.034579929738720872e-04 3.126133073825871978e-06
1.538406873234686792e-02 3.380164045828643049e-01 2.464066642215393121e-01 3.542252666251026749e-01 3.223305481431049807e-02 5.203816869705646907e-03 4.250051623571325676e-04 1.027376706927480080e-03 4.732067064938700642e-03 2.244656114360939810e-03 1.010146076000467111e-04 6.044979461663085204e-07
6.814500769732242946e-02 4.707199500273822473e-02 7.174775212471393715e-01 6.665033314685361865e-02 7.626549355908374128e-02 1.328556511063401068e-03 1.105187722466271887e-02 2.295515946338509868e-03 8.045265241350036539e-03 1.051306242631762670e-03 6.154585277264700959e-04 1.669653089524339289e-06
1.289255717005431852e-02 4.217735566694583160e-01 2.742350431009880074e-01 2.519900643447365862e-01 1.901413633889575266e-02 3.271536359500541117e-03 7.702964760352755229e-03 4.949904361021041383e-04 6.635780466011882706e-03 1.948714125377101324e-03 3.246923705138052253e-05 8.186991471411238526e-06
2.539932622984243660e-02 2.263240707047984093e-02 3.811333256377473222e-01 4.957723151455024069e-01 4.232143893423064712e-02 1.246971267135564554e-02 3.872273363565528672e-03 2.154616715250193965e-03 7.629011575685528540e-03 6.193322703961025993e-03 4.160279549400288193e-04 6.221997439445843862e-06
3.944345719380826926e-02 2.625094598108760335e-01 2.106693619615389867e-01 4.024873208320956519e-01 3.817066699117879075e-02 1.032489745895840381e-02 1.531640566769866020e-02 1.297758484659665467e-03 1.527093169921221565e-02 4.321170925595794500e-03 1.719184522380639625e-04 1.665052213952354770e-05
1.716691216189213109e-02 4.913948317891304596e-01 4.062549334999074335e-01 1.651360060215975242e-02 4.011933801511685660e-02 8.601777259694763644e-03 8.038085523998901930e-03 4.981016230789901298e-04 6.667973803081234975e-03 4.734464671815535354e-03 3.503944088323740943e-06 6.477106035555058333e-06
4.921111785794092530e-02 4.276473501082254103e-01 1.040200072797629466e-01 3.546448236439678214e-01 5.048082509385448668e-02 6.315815039559547275e-03 1.044536589046811750e-03 1.950593795473388743e-04 7.502008675453967611e-04 5.634578500706893811e-03 4.525319878971873752e-05 1.043244105276856773e-05
2.953969456472908470e-02 3.791376614041277460e-01 2.873548393339762086e-01 2.538420658759982795e-01 2.835611258855641470e-02 5.057212399044527622e-03 5.287361772003459394e-03 1.248393866116768135e-03 8.429204834171805452e-03 1.477580805302537584e-03 2.685523617815195369e-04 1.320194191495477720e-06
2.977828919328772556e-02 1.549317983740686466e-01 1.684329837958867537e-01 5.651555124265192909e-01 5.642702572467715727e-02 1.134724539054269773e-02 7.953688520602167703e-03 1.104284177647503994e-03 2.647469852671377032e-03 1.750102150417401532e-03 4.607698906988359007e-04 1.083050298042592640e-05
4.333472949307590888e-02 1.238384590316260817e-02 4.865684628432052072e-01 3.696492741333090581e-01 5.218723785300284634e-02 8.625761034451779122e-03 9.941213042128985156e-03 1.469587334198610472e-03 1.259133572406236426e-02 3.094115210293202269e-03 1.447903234007697610e-04 9.647105708846862151e-06
9.282892206001475480e-03 1.415550215512613730e-01 3.558359296541188654e-01 4.093618764727501858e-01 4.573502166618583636e-02 9.040801962161044633e-03 1.497517125671012431e-02 1.297076414448063630e-03 9.038787757188715757e-03 3.602262206538290549e-03 2.705783140857367995e-04 4.580538550240024462e-06
9.332103412918235641e-03 4.163492991016154998e-01 3.756940194346684025e-01 1.542243555211970929e-01 2.159234479127247058e-02 4.149677261058747589e-03 8.002226122172051426e-03 2.567044605606383335e-05 8.312004310390854953e-03 2.260163000530023003e-03 5.054679963970799876e-05 7.589798480917247049e-06
1.708921604689171009e-02 2.109688816675934775e-01 3.819697967347474576e-01 3.559553662747061975e-01 2.236422159956711134e-02 8.803972977495212130e-04 3.998424854236526556e-03 1.239790767924539875e-03 3.182978395697920113e-03 2.300323695800815787e-03 4.239443638089328818e-05 8.208228703892483962e-06
4.631085524210912241e-02 3.199312371028016355e-01 4.622291974895698097e-01 1.434468537306727576e-01 1.290899321420034898e-02 4.755882233703423272e-03 8.374555244623785527e-04 9.108195552218833297e-04 8.139842243350001172e-03 4.189649496470352935e-04 1.095525687134669285e-04 3.461455481846240223e-07
3.230313428471941802e-03 4.226876087917470493e-01 1.182937923756276488e-01 4.035238896535093267e-01 3.335531040518572438e-02 9.022336815471484334e-03 8.044813687460817056e-03 2.914528701904992893e-04 4.804733754978546853e-05 1.270922545590333829e-03 2.245096768891887578e-04 7.002412306208692435e-06
3.609712130009771341e-02 2.292733835595257563e-01 4.182825480709473909e-01 2.988057018892046890e-01 8.840436761272251961e-03 1.726510501888172842e-03 9.551587558957693770e-04 1.928353321869286921e-03 1.531408845122835590e-03 2.488115943199397436e-03 6.798242445596763448e-05 3.278626520673791734e-06
2.257823112728839232e-02 4.551754245999993786e-01 3.728506221135786947e-02 4.179291961876025474e-01 4.335937499306499743e-02 7.830800680426781499e-03 9.833162090187572146e-03 4.885919996534865601e-05 2.185785409381088042e-03 3.383092708451768040e-03 3.886714567977536954e-04 2.339335476694138983e-06
1.750013076340050863e-02 4.149301569184244420e-01 3.759543064820707325e-01 1.313407134342559623e-01 4.065941695357339764e-02 8.049501239680099257e-03 4.773975555400513521e-03 1.431680476139923341e-04 6.195027926426086538e-03 1.693448435404219311e-04 2.762497827535547400e-04 8.008052860255154411e-06
1.887007590033399490e-02 2.374296684476267516e-01 2.508975895495704211e-01 4.617306895378152087e-01 1.862897449652249973e-02 5.237676921958556511e-03 2.197918119850348490e-03 3.414320145366226311e-04 2.293800129240036398e-04 4.374953248886936236e-03 6.112428550078339423e-05 5.174644738539228216e-07
3.219121584047684309e-02 8.229849745494632884e-02 4.974443094759858908e-01 3.453756005694268993e-01 3.864940204642440015e-03 1.860098526562004376e-02 1.698513082173591995e-02 5.837730571827411770e-04 2.128738338157750310e-03 4.845389990167984465e-04 3.652951021959236036e-05 5.740462588448685797e-06
4.456557967985163432e-02 3.539890315477010052e-01 1.435157434595901449e-01 4.350028859186622632e-01 3.462688519864487186e-03 8.585724005610299858e-03 5.030466837301910028e-03 1.255509549549061561e-03 3.737597029045835670e-03 8.487649001562373166e-04 3.205847416772979319e-06 2.802705250403469384e-06
8.649397415610800624e-03 1.863006405655315834e-01 4.248260595659852923e-01 3.129882160586192619e-01 4.591065998569765494e-02 7.072334186160768657e-03 2.519875922745246511e-03 3.624024096168026229e-03 4.993969102367932719e-03 2.731309638992230129e-03 3.770956754777860442e-04 6.417786643306745070e-06
6.381830579785287283e-04 3.538827953792565428e-01 2.643639817465517905e-01 3.483044363504239627e-01 1.289952073794814469e-02 4.711616472437201407e-03 5.146315741781049176e-03 1.957238726107284629e-04 8.025118847864996449e-03 1.764252674823498738e-03 6.491955846762021819e-05 3.135559855910043997e-06
3.691349289806560019e-02 4.575556061432254906e-01 2.018110897997229813e-01 2.670992957502301146e-01 1.326700986645093852e-02 3.799800184687836951e-03 9.614578196061996859e-03 1.627777561120027135e-03 7.597693262410593236e-03 5.662532652862237214e-04 1.320094005585657976e-04 1.539367217969147839e-05
7.181482975070582753e-02 2.360250055815973635e-01 6.106123838181263391e-02 5.844467450292863964e-01 1.118211918441344016e-02 1.354409720846915834e-02 9.024870625713424591e-03 4.506797225755331524e-04 5.312603516112224949e-03 7.095164336170287078e-03 4.112883901814532107e-05 1.517824125439795656e-06
2.245999371597523150e-02 2.302281106263894261e-01 6.315234595133134565e-01 2.328542857112115075e-02 5.084225564791561291e-02 9.735396325355544916e-03 2.404438382632793567e-02 2.192355747622378934e-03 3.305727625855967369e-03 1.950854570381328019e-03 4.319962289013384513e-04 3.760084063166522739e-08
8.412196060776167342e-03 4.043619511466912675e-01 1.647435410529001221e-01 3.798533173411003383e-01 2.267579720273450380e-02 8.110280562679197600e-03 1.262074903319331410e-03 2.309930571116199604e-04 7.365215967284452665e-03 2.971544527620949543e-03 8.957004880635752314e-06 4.131172901464906946e-06
4.873515805781664101e-02 3.555483780187667642e-01 2.913901164037774327e-01 2.259299812271672314e-01 3.800722762906654645e-02 7.349073014753713246e-03 1.519212631492780630e-02 1.846154558740779146e-03 1.417448090953356277e-02 1.651339864961484096e-03 1.637419184484410967e-04 1.222208203976101592e-05
3.376122771339889334e-02 2.620366909424009516e-01 2.679281862707650827e-02 6.413439390449060529e-01 9.479662713297485124e-03 7.914959387585351891e-03 1.072683117821905674e-02 4.370009321039128769e-05 4.202579108503187895e-03 3.655397412153303573e-03 3.928773782630309776e-05 2.906041422538791640e-06
3.747389138972344325e-02 2.500568500162744234e-01 1.372554095135442576e-01 5.359701752175823897e-01 2.528725635940396246e-02 1.046542115082801580e-02 7.366471557923927630e-04 4.379787268532798756e-04 7.921224088137478582e-04 1.484550343205312106e-03 3.527914085487985556e-05 4.418577123806201357e-06
2.432973319339847701e-02 3.179880185831534534e-01 2.778667287191041169e-01 3.326615810298317322e-01 3.320532833626681224e-02 5.849947687210519699e-03 3.569481031928575451e-03 1.577305308087136840e-04 1.247305578201894118e-03 2.857524965394454223e-03 2.614310733705673372e-04 5.189271330756876024e-06
2.244323278047589271e-02 7.019302545719579012e-01 1.282225387964514574e-01 6.914930137027537616e-02 6.082437108656085778e-02 2.128715845459656052e-03 6.507079530421005543e-03 8.756168797919332758e-04 6.690209571227389088e-03 1.056582230853602214e-03 1.604279341950305921e-04 1.166940232983822371e-05
1.210322850738982867e-02 4.410417026602863055e-01 4.326740806959906704e-01 6.006945909029819813e-02 3.827238477604134881e-02 2.751857801104893924e-04 3.654960644671736199e-03 5.223251198836123934e-04 8.800741193155122918e-03 2.420390652453478959e-03 1.644983626946467867e-04 1.042517024858153112e-06
1.037965977385998939e-02 5.159031598246682782e-01 1.574843601062032861e-01 2.489523329449532252e-01 4.603670766572889178e-02 6.819045891584187696e-03 8.115850014817582031e-03 1.114285077385139327e-03 4.403179406521740002e-03 4.071749231782985107e-04 3.766005419166571031e-04 7.643829182612053898e-06
8.362371970992840339e-04 5.411661850941457130e-01 2.097717184517336741e-01 2.245631097955045896e-01 3.391718828425356689e-03 1.668076946736389912e-03 1.052516797658969994e-02 8.208687779988186771e-04 5.498168104673477677e-03 1.753933662861491011e-03 1.461896367885011772e-06 3.353267863617931009e-06
4.372831703006725690e-02 2.729440085062946331e-01 3.499661882429599413e-01 2.952901712933382883e-01 1.489649791459993558e-02 1.881870115347352010e-03 8.959137518967317734e-03 1.003061453628424941e-03 7.095401596125284864e-03 4.121809340152161362e-03 1.130269598256911339e-04 5.100286935555669963e-07
5.462309142408052626e-02 5.394645606874159949e-01 3.569903475997481257e-01 8.729725953269040772e-03 1.895545412441929783e-02 1.252782698225279531e-02 1.685457128898745641e-03 5.679968834575599033e-04 4.270501793618213145e-03 2.005243826391266051e-03 1.690433144864888126e-04 1.075028196202628493e-05
2.176612407874215990e-02 1.342993581926806568e-01 2.001215245670548704e-01 5.899439164422736193e-01 3.266676927396990754e-02 1.887392191474163291e-04 9.646843157968980342e-03 1.887751120117190946e-03 2.739692908437813424e-03 6.611329812789662821e-03 1.227794890585842094e-04 5.171737759312111561e-06
3.825256235636889657e-02 3.102390697898870231e-01 2.894254684828052593e-01 3.343470479995643285e-01 1.157471112243866132e-02 7.365091805178895605e-03 8.140838140764343825e-03 1.144265807473039302e-04 3.232886078280384698e-04 1.893464717986766913e-04 2.267301443927484354e-05 5.475628179610487537e-06
1.782681304586178914e-03 3.397843415684786983e-01 2.876885045036082778e-01 3.223513378770356819e-01 3.308782960440643378e-02 3.022879389881447023e-03 2.809460867583704700e-03 2.602946580942593156e-03 5.566804503777192555e-03 1.075338543699452549e-03 2.264847881892296448e-04 1.390467811099241646e-06
9.603170886768998271e-02 9.310609011529021733e-03 6.828005049910201851e-02 7.295770269268850861e-01 5.216802378776823346e-02 1.593642049969054564e-02 7.515203346894768800e-03 5.045754442512804562e-04 1.372406333691367220e-02 6.934080882809850847e-03 1.537962748360264102e-05 2.857768981928233346e-06
2.242025753745412880e-02 2.878652698011075484e-01 5.110433075196970515e-02 5.822230971942337074e-01 4.612451440392340007e-02 2.132882866857788683e-03 1.278315659837014103e-04 3.195846759415335212e-04 5.902771110562492554e-03 1.690986797129255623e-03 8.500458797435158124e-05 3.468706862595804711e-06
8.695026832238774220e-03 6.551412128549202740e-02 3.323054661426972367e-01 4.642258303125236241e-01 1.010519713714775752e-01 4.564099542812199983e-03 7.313846865447354935e-05 2.940815952189098671e-03 1.520419694162681613e-02 5.386817137231466983e-03 2.937290393603756285e-05 9.143109120700734915e-06
4.049301523906113920e-02 5.100166995178370133e-01 1.728693830427358302e-01 2.004087612056156820e-01 5.489813943494508547e-02 7.558958643612645988e-03 7.112948043342073867e-03 4.860606777442912627e-04 4.717899625634274646e-03 1.234027953492857323e-03 1.959073134693001793e-04 8.199302509723363697e-06
1.625215155548053944e-02 4.224811783034864709e-01 3.638076023084814078e-03 5.260985506395685629e-01 1.190689853365681748e-02 1.867657203947229545e-03 9.984312018431047014e-03 2.122153499584968333e-05 5.433485745105382826e-03 2.289326860359712675e-03 2.228247634849955957e-05 4.859105535039315936e-06
2.449152775319459602e-02 3.505289470929668361e-01 2.385943858691182418e-01 3.301265374728040158e-01 4.459125510412090265e-02 4.417352352253995328e-03 2.039349302728526037e-03 1.439044141163568899e-03 1.987847374530409342e-03 1.765286853810994587e-03 1.710182311707861757e-05 1.364860191030267622e-06
2.493372510840750206e-02 6.678865139381693350e-01 5.148334821592997351e-02 1.677454628698208383e-01 5.384245709030551635e-02 5.393935007566524539e-03 1.062064135206201333e-02 2.332631863168993199e-04 1.436544097786875140e-02 3.298261663524869845e-03 1.830848050383549863e-04 1.386578498934277131e-05
2.682175132937562184e-02 4.925110061867155054e-01 3.244360975043314443e-01 6.851843702852283835e-02 5.320679439836785429e-02 7.099470013826246657e-03 1.112210664953921201e-02 2.733116595995862532e-04 9.685282333386507556e-03 5.847967721006093293e-03 4.668766297586567017e-04 1.089854557041667822e-05
1.313843685443376666e-02 1.120933989520435936e-01 3.215170503635451094e-01 4.711854845506227019e-01 5.567533340343942816e-02 7.572423045325462135e-03 5.376396798292536541e-03 4.537466731285097346e-04 9.612067372015793351e-03 3.120558016126765127e-03 2.521102098083991667e-04 2.993761217879411902e-06
1.204025545072330561e-02 3.044224086784498295e-01 1.911162485826216895e-01 4.400545885014220393e-01 3.044748200559560872e-02 1.698993143948091498e-03 1.953228440428702185e-03 6.982235287843004037e-04 1.045238804065409463e-02 7.057857165868385713e-03 4.342400498949213275e-05 1.490245651433761257e-05
1.191103919901936002e-02 4.033540768748023475e-01 3.142760703111901477e-01 2.323669128434855957e-01 2.415490239982846787e-02 7.636966544709198994e-03 1.332653769283869078e-03 1.119096275346919940e-03 5.142796546270807196e-05 3.599654339337224861e-03 1.863714765608164524e-04 1.082800097330539049e-05
6.902844999610233123e-02 3.083085201948219112e-01 1.961566776283880376e-01 3.391937639597820131e-01 5.603763700126529468e-02 8.355306104533838027e-03 6.320662959191362083e-03 1.015320187200295307e-03 1.122622088270746124e-02 4.250188093072673930e-03 1.038446447137427098e-04 3.408348220784128521e-06
4.270842886827323076e-02 1.286062354339189140e-01 3.388725594329922708e-01 4.137117356855268824e-01 5.407309391481751604e-02 7.723497681275712234e-03 2.260853844725454250e-03 1.186990510044057734e-03 6.303936650867915555e-03 4.139037903887435310e-03 4.034375854593938893e-04 1.019248821113606053e-05
9.795668368843531149e-02 1.006766194017811589e-01 3.318192237187095883e-01 3.538118268891843332e-01 7.208805213693013358e-02 1.196312808087615816e-02 9.831511148377459000e-03 2.622575986350598673e-03 1.017741133772403356e-02 8.873772666222749100e-03 1.690639029704802386e-04 1.013104243816027564e-05
3.711525813137128010e-02 2.516459126168819060e-01 6.512031132953255419e-01 1.780022621750750045e-02 5.772293453737639864e-03 5.533532627079353582e-03 1.096531957497139109e-02 3.106460847681269486e-03 1.270367151669692281e-02 4.131279866771132153e-03 1.913414867923666056e-05 3.797703296768106170e-06
5.905519279649758778e-03 9.314275004774056482e-03 6.039012054486873060e-01 3.460579343420490117e-01 7.031366840128496117e-03 1.373649744499623113e-02 5.831098290654903628e-03 1.184341149344842912e-03 5.875924658460214556e-03 1.156091644054747401e-03 1.846146196587037523e-06 3.899751003826353222e-06
3.044638286308908384e-02 3.610654475818673159e-01 2.929004715453363272e-01 2.873990257788233693e-01 8.581562453376741575e-03 6.627583154412826534e-03 7.154120561774881745e-03 7.770268058777587007e-05 3.812507926282241583e-03 1.891698271382020189e-03 3.790747298884875228e-05 5.589710078522972073e-06
3.394654096651292946e-02 2.317781511136143280e-01 4.093219535782233187e-01 2.756143791936799259e-01 2.923370765951048209e-02 6.909306603437705661e-03 5.180018209311218307e-03 2.180927264873439627e-03 2.567657216033322407e-03 3.076975852575919174e-03 1.844818035615492890e-04 5.900538665818754384e-06
6.550334241857851993e-03 2.163998240974299159e-01 4.059364378097783943e-01 3.484713434330835580e-01 4.975956100855832495e-03 8.693470349572967920e-05 8.171246086147058302e-03 1.140003609056555300e-03 3.723684055732644303e-03 4.530990722048803057e-03 6.862843215421534759e-06 6.382297298149661418e-06
4.021771767868386610e-02 1.945232384743887932e-01 3.684642351367003466e-01 3.804692024159332386e-01 1.835780719822468739e-03 5.854903144159641533e-03 5.492669708720452704e-04 1.017535513716310343e-03 6.622100133830765602e-03 4.269977655762226200e-04 1.429711539398933885e-05 4.724930922470257030e-06
3.452364590932294197e-02 3.978079037651480188e-01 1.745149440560788412e-01 3.547653291911265772e-01 1.549899376992621043e-02 7.973719898458136654e-03 1.221950552907049431e-03 2.935403342982238805e-04 1.009714356752776723e-02 3.256555812357454262e-03 4.286923843016807775e-05 3.403904418697710640e-06
3.102944645165655463e-02 1.308479924512848669e-01 3.295392388867584010e-01 4.554975118099587328e-01 3.608869590022626556e-02 1.186299559917057848e-03 5.005563314743802401e-03 9.059031894383869641e-04 7.924059458577525569e-03 1.709696614743107679e-03 2.559057005691158047e-04 9.686662126372302302e-06
7.904255698128142757e-03 1.080293244272443054e-01 5.661747941023345110e-01 2.911837004013254071e-01 4.733679234282829433e-03 9.154326916449235033e-03 3.444410622651956650e-03 1.571344800803617771e-03 5.461755406602400616e-03 2.318595356956845710e-03 2.104107942374008701e-05 2.771953796789729893e-06
5.621115979245860927e-02 3.277864012995773679e-01 1.991659414699419040e-01 3.783638032581337352e-01 1.828303789497878404e-02 4.190957987652847022e-03 7.600956434222655954e-03 3.736971522527716256e-04 4.179714917568332251e-03 3.813849832876744367e-03 1.869262894871747497e-05 1.178733138751886721e-05
8.243721047370355937e-02 4.138508020794101072e-01 2.625690203126637701e-01 1.557554645163478357e-01 4.034282303089457150e-02 1.306627011913897088e-02 1.331169690423750912e-02 2.237177483318332754e-03 7.408762389868056401e-03 8.859736386308972658e-03 1.440500932174146678e-04 1.698621089069752698e-05
4.046185126590831627e-02 2.032782440443550165e-01 5.224379773775954527e-01 1.518594589933964512e-01 5.621478340495690562e-02 1.150021157305510834e-02 3.285384397177020140e-03 2.134188987144163691e-03 7.790395914637184005e-03 9.882178024968901221e-04 3.940144894369940654e-05 9.884790333833922760e-06
3.964079665294350380e-02 3.137719545370795671e-01 2.396654305951159136e-01 3.774436527353580706e-01 9.009826089232420357e-03 7.264579490188737866e-03 4.185187062160329770e-03 2.945852608775763088e-04 5.113004327634820302e-03 3.568935857307824200e-03 3.349366883162499103e-05 8.553723269445565131e-06
5.178195004640870347e-02 4.582945417609441408e-01 1.746653570984916248e-01 2.824083434899825051e-01 2.102634544754849663e-02 2.728392697253349732e-03 3.882406501335261529e-04 5.984883356020406168e-04 4.078488290547213797e-03 3.840101311515342012e-03 1.837402152973711305e-04 6.010656275642860523e-06
3.493425189256615243e-02 1.389176378455206085e-01 4.744960858946868920e-01 3.086754220481866540e-01 2.781306034467304414e-02 6.201301042583757042e-03 1.128888539503380755e-03 3.235195425068257240e-03 2.401503439403440427e-03 2.124789807844607806e-03 6.655956728719544704e-05 5.304152675994452608e-06
2.146266701921330580e-02 1.186981847732167805e-01 5.370861845906425014e-01 2.334121968693665672e-01 5.169862886258944773e-02 1.493716626258040706e-02 5.380772570584403322e-03 4.562572235403207326e-03 7.329823823633932825e-03 4.912354234682403571e-03 4.994790300350504487e-04 1.996972805205747553e-05
1.033613238032616254e-02 3.091208259973201034e-01 4.049370828678803824e-01 2.323317379439530372e-01 3.323608582313223453e-02 1.911412336206772195e-03 2.522816292456878801e-03 1.197025763406365248e-03 1.387233009001120898e-03 2.810001491698823056e-03 2.067754560849606764e-04 2.870638533227028554e-06
6.759899834379431982e-02 2.529399028795367155e-01 5.348891865170719573e-01 7.922760188878934240e-02 4.719996194538502582e-02 5.110750813216775879e-03 4.128189249393136341e-03 2.910751778269380849e-03 8.487382469290914635e-04 4.862102243323881100e-03 2.766490634048696389e-04 7.167030885620574734e-06
1.002326458573903067e-01 3.095879103484483474e-01 1.735334140869594990e-02 5.069972489199067178e-01 3.089721517528470213e-02 1.809898338979125908e-03 4.592699419729606540e-03 5.600991134433986284e-05 2.295942588314314747e-02 5.498037802155255303e-03 1.212387666839722769e-05 3.443058254203846619e-06
1.994546733978791106e-02 3.319980281137455136e-01 3.051153435431209204e-01 3.079787930248919503e-01 1.812811558289154426e-02 7.860483719015631462e-03 4.258874726466655228e-03 2.588722437355742015e-04 8.491766658760813678e-04 3.580967584702303506e-03 1.881344810863404881e-05 7.064007657391751653e-06
3.108130045514895939e-02 3.239351651983061742e-01 3.827208601056379944e-01 1.904923377511721916e-01 3.538081545961542507e-02 1.143727660032487110e-02 1.164168278404623807e-02 6.368834632151949414e-05 9.933779353366957443e-03 3.187731885285404951e-03 1.241517276423150786e-04 1.210333131928518034e-06
5.242405978602442812e-02 6.256021666546150994e-01 4.521647702779696583e-03 2.615687945719810115e-01 1.634778480782141455e-02 7.772665905298087145e-03 1.337079189881155289e-02 1.599708579782273046e-05 1.229035969720804200e-02 5.924071957730032804e-03 1.566777046961767420e-04 4.982227236453315554e-06
2.380452088346587253e-02 3.680043941973201727e-01 3.762767144496115823e-01 1.970679025588002731e-01 9.426855078898049162e-03 8.026948374704030720e-03 9.004106983856835847e-03 2.164719792625123800e-03 4.475218195696913093e-03 1.690262327517637244e-03 5.601125060846477607e-05 2.345906895053107676e-06
2.346365432998759673e-03 2.666137882841326801e-01 3.905014240144876192e-01 2.947471318496762693e-01 1.628136496557026219e-02 7.309863708686861576e-03 7.984115821975995911e-03 3.827687901784148847e-03 5.817590045950883811e-03 4.532449921375723140e-03 2.836305984928446999e-05 9.854993511493087050e-06
3.438179913643762270e-02 4.047185516262374883e-01 7.866653738374621008e-02 4.286637262603530396e-01 3.644008332025262115e-02 4.536786460472057303e-03 3.404104675011257203e-03 6.532249971903391923e-04 7.516584536598948200e-03 9.886370315675468631e-04 2.342892205711981463e-05 6.535650075806276484e-06
2.550275987446345288e-02 3.732889613646335203e-01 1.008832124131440883e-01 4.606632588535665151e-01 2.901856812168604818e-02 1.297455634674170299e-03 1.826524658351865588e-03 4.301940504226024623e-05 3.467250311914568239e-03 3.819264381824001402e-03 1.807575713150040445e-04 8.967409384385954853e-06
3.798442261786950241e-02 4.786669710061745020e-01 4.429882948829951816e-01 2.123017861958433755e-02 1.309977009337840977e-03 4.701364628600789887e-03 5.613843018634260239e-03 2.123968690267550533e-03 3.270093124394562751e-03 2.098602499824604208e-03 3.469617308972631725e-06 8.814285008092249802e-06
3.856916224690749850e-02 3.574880369596067919e-01 3.355062932521040153e-01 2.484332638058489862e-01 1.115909615786565400e-03 1.056523685007492537e-03 5.188850542638365725e-03 2.907390832217471299e-03 8.504713798903454358e-03 1.216776637222742596e-03 4.594124050051066327e-06 8.484499706445341368e-06
6.846443066795632193e-02 3.415353029120806738e-01 1.842811234712261603e-01 3.032646761502301724e-01 5.533471194094494866e-02 1.270192014424295461e-02 1.875582946995496200e-02 1.805206254378017086e-03 4.452091614623850113e-03 9.143805038847064096e-03 2.532097820252841641e-04 7.692553489616464645e-06
4.942190154358475779e-02 3.497579025581147305e-01 4.030431356134784870e-01 1.397610428792228632e-01 1.796364370657316592e-02 1.352217415947802592e-02 3.847744190424022635e-03 3.240915077268800761e-03 1.369862962824827668e-02 5.583603986813484577e-03 1.466365564669813639e-04 1.267010032645797775e-05
5.432760367086401226e-02 1.888080224754875580e-01 3.679165152983234210e-01 3.308265576167470634e-01 2.715822707688357596e-02 6.998400432434858862e-03 1.002664689173822163e-02 1.879334481721493966e-06 8.238751225859377095e-03 5.584579117934905003e-03 1.089261487918329334e-04 3.890710453558266272e-06
8.735043612653402290e-02 3.749836000277562836e-02 3.645784937830621741e-01 4.150041064675320523e-01 3.788189088215457995e-02 1.990058539498048423e-02 1.309593649375749569e-02 5.376670121733351758e-04 2.125173039286863338e-02 2.788311953017169435e-03 9.584695707305287971e-05 1.663453407139631334e-05
9.202179868447112835e-04 6.092214963198357980e-01 2.403368261407171635e-01 1.250240442224031245e-01 3.706371883247024102e-03 4.362797340799268869e-03 7.489273444483609057e-03 6.345147752505081885e-04 8.109923822915133390e-03 1.863900184858644329e-04 3.954358655746172756e-06 4.189686362097434374e-06
2.668428790211527929e-02 3.223722778746133111e-01 4.688392022995468283e-02 5.815747039015617403e-01 5.239395170650072188e-03 8.691284625966041663e-03 1.626712311066409386e-03 1.939881590961317360e-06 1.032858726602462222e-03 5.844686507796119368e-03 4.726512355108327307e-05 6.677445317169969199e-07
4.366270165387643037e-03 4.007246710771690257e-01 2.875011079555767068e-01 2.328043051866966195e-01 4.307248938794931703e-02 1.023490912913162937e-02 8.471415874118851455e-03 9.001255406817207415e-04 7.358169278242431173e-03 4.476307100708693670e-03 8.047192064298088659e-05 9.757383694384265277e-06
7.192128794392381452e-02 1.240273981394822006e-01 7.674455773773865459e-03 7.074290511723181352e-01 6.086496001473149647e-02 1.717194926623940784e-03 6.078818880407551271e-03 6.793143293120604579e-05 1.165630554292017632e-02 8.003915091580084129e-03 5.394793464590649313e-04 1.920173484854758699e-05
1.529480790064110564e-02 5.551973262085968530e-01 1.137891672248861341e-01 2.874177739996613967e-01 1.481183412627780187e-02 3.433158386907670355e-03 1.400104412938840562e-03 2.172937116726922618e-04 5.336980198826554028e-03 3.040482193688642549e-03 5.228956583699233984e-05 8.782070065407445182e-06
2.119114056298462487e-02 2.904900780689677053e-01 3.344020022102204837e-01 3.269030955984753017e-01 1.162995239830363209e-02 4.179787741310691564e-03 6.472632723591935366e-03 2.531353136033720930e-04 1.819312472772843456e-03 2.609699503130981802e-03 4.876131231198005232e-05 4.020943264106533174e-07
4.330064543802891741e-02 2.085901225873894593e-01 4.663424764231330899e-01 2.085841369188096150e-01 3.395909673880257579e-02 1.084597090364945206e-02 1.468175499844552416e-02 3.842347313452353780e-03 4.807438313187001322e-03 4.877210674042586382e-03 1.616443128925409913e-04 7.155378166746019951e-06
1.225854488793343827e-02 4.382921466523609921e-01 1.417741055241678039e-01 3.405212059403748825e-01 4.529496827297821437e-02 2.958777491821458668e-03 9.162979599062762853e-03 4.744328458772158197e-04 7.437362246849962659e-03 1.624349754836750155e-03 2.005735365365513315e-04 5.532471998229319595e-07
4.910568814276305288e-02 2.879567270924332512e-01 1.892575180516668232e-01 4.259238075008898172e-01 2.098714588110008397e-02 5.673548474260953038e-03 1.472205112447422552e-03 1.565456215662220079e-03 1.193662038793564042e-02 5.950323843880498016e-03 1.699265911892829247e-04 1.032705771038546298e-06
2.738136621793808498e-02 5.723297547773674721e-01 7.199887561728395002e-02 2.705825908237001753e-01 1.027531754092259400e-02 5.000014505915126306e-03 1.802400222280205189e-02 3.765986006972005468e-04 1.539093180537419100e-02 8.551028657728028740e-03 7.167211797010596130e-05 1.784711230104797110e-05
1.489288385708184559e-02 3.171343838858456388e-01 3.139184457906746828e-01 3.422715828741004218e-01 2.560302625911031749e-03 1.929511055410114721e-03 3.239365385350818655e-03 2.518017422370569074e-03 9.044617994452428195e-04 6.182038581639419297e-04 1.236868226189441319e-05 4.727633838563295533e-07
5.018149269649414823e-02 8.945290600735157638e-03 5.830298602994873347e-01 2.850164904299890001e-01 4.242643100729135558e-02 1.433201110939903884e-02 2.414576549521738915e-04 1.920716630818311912e-03 8.340736004937267245e-03 5.168190787738203250e-03 3.849615385590196082e-04 1.236123959890475505e-05
